
[super_point]

point1	=	66.115119934082,9.1737194061279,615.84387207031,386870,633,0.6745924949646,-0.48282718658447,-0.55839312076569

[extra_points]

;point1	=	-273.11383056641,-21.685852050781,-274.32528686523,2553,363,0.72252279520035,0.050378669053316,-0.68950915336609

point1	=	-38.161468505859,-18.165473937988,-196.96229553223,253190,587,0.077189892530441,0.07193773239851,0.99441772699356

[exit_points_super]

point1	=	-112.06698608398,26.314117431641,317.36404418945,149903,578,0.74147897958755,-0.088085696101189,-0.66516900062561

point2	=	312.84921264648,19.59468460083,-13.584707260132,598719,389,-0.8602506518364,0.0071998937055469,0.50982052087784

point3	=	394.17266845703,20.167963027954,290.31454467773,624946,638,-0.87983500957489,-0.009000095538795,-0.4751940369606

point4	=	24.217906951904,-0.40951910614967,-74.102912902832,333836,629,0.67826324701309,-0.12054820358753,0.72486346960068

[exit_points_near]

point1	=	139.44204711914,3.27175116539,342.13244628906,472771,541,0.54997378587723,-0.13982017338276,-0.82339483499527

point2	=	-81.047981262207,-1.0233354568481,158.02503967285,192402,590,0.70557683706284,-0.10409098118544,0.70094680786133

point3	=	22.328952789307,12.636835098267,94.031997680664,331398,456,-0.7062361240387,-0.3254052400589,-0.62876224517822

point4	=	6.7144479751587,14.310157775879,92.566337585449,330510,456,0.56101053953171,0.093223884701729,0.82254266738892

point5	=	109.44463348389,0.41661435365677,5.5911717414856,440283,440,0.78888911008835,-0.46571409702301,-0.40095421671867

point6	=	110.26277160645,0.20831561088562,-36.778953552246,441878,444,0.41259673237801,-0.35418450832367,0.83923614025116

point7	=	-35.398349761963,-18.503791809082,-183.34875488281,256423,587,-0.94359529018402,-0.13126263022423,0.30397057533264

point8 =	238.54804992676,3.6567306518555,338.41787719727,549842,402,-0.95535790920258,-0.28576076030731,0.075046896934509

point9	=	-111.18509674072,9.6107015609741,75.589294433594,145305,637,0.88771343231201,-0.082610093057156,0.45292434096336

point10	=	27.535364151001,20.189235687256,157.17468261719,337615,485,-0.99960404634476,-0.028132556006312,-0.00052988523384556