[super_point]

point1	=	91.143920898438,11.156035423279,248.45431518555,60199,2473,-0.8259094953537,-0.30757755041122,-0.47251409292221

[extra_points]

point1	=	-46.413124084473,-4.4072432518005,-259.57415771484,4067,2471,-0.73327976465225,-0.095255382359028,0.67322146892548

[exit_points_super]

point1	=	83.566780090332,75.60018157959,179.99516296387,51818,2460,-0.68713539838791,-0.43282920122147,-0.58352702856064			;на ЗГРЛС ДУГА

point2	=	-55.841148376465,-0.93507653474808,-183.84049987793,1990,2434,-0.63647425174713,-0.11673313379288,-0.76241320371628

point3	=	-12.120758056641,-7.1478800773621,-147.7911529541,19176,2444,0.70526736974716,-0.17902958393097,-0.68596386909485

[exit_points_near]

point1	=	-22.459169387817,-3.3534617424011,89.282676696777,14437,2456,-0.80563819408417,-0.13994184136391,-0.57564175128937

point2	=	29.177917480469,-2.0015525817871,99.416526794434,41988,2456,-0.99572604894638,-0.0036026579327881,-0.092285506427288

point3	=	31.187808990479,-1.7538161277771,130.25651550293,42392,2458,-0.93524765968323,-0.021599570289254,-0.35333451628685

point4	=	-66.05786895752,-7.0059275627136,76.028060913086,740,2476,-0.32724526524544,-0.03419442102313,-0.944320499897

point5	=	-64.537132263184,-7.0036234855652,56.119384765625,910,2476,0.80188703536987,0.10778842866421,0.58767241239548

point6	=	-11.472726821899,-6.9690737724304,17.292236328125,19250,2455,0.46435222029686,0.086290821433067,-0.88143682479858

point7	=	-18.062728881836,-3.9528248310089,170.00996398926,16719,2477,0.04117264226079,-0.036528624594212,-0.99848401546478