[super_point]

point1	=	2.4397976398468,5.3632078170776,65.004722595215,62852,3488,-0.34760275483131,-0.062958270311356,0.93552583456039

[extra_points]

point1	=	183.44708251953,134.38204956055,112.08674621582,210399,3280,0.91101807355881,-0.25514689087868,0.32395386695862

point2	=	189.09541320801,36.300899505615,148.31623840332,214811,3288,-0.7735361456871,-0.068943053483963,0.62999093532562

point3	=	174.96520996094,16.754842758179,314.3733215332,203868,3258,0.65168756246567,0.0088735772296786,0.75843560695648

point4	=	423.80029296875,8.5069789886475,170.70994567871,408004,3340,0.95160549879074,0.061035495251417,0.30120003223419

point5	=	558.97198486328,145.97065734863,202.52293395996,508131,3352,0.71590828895569,-0.67324656248093,0.18497139215469		;y = 144.....

point6	=	480.60153198242,-0.1050473600626,269.76693725586,456418,3359,0.92079508304596,0.11482144892216,-0.37276327610016

point7	=	908.70568847656,8.2060298919678,204.86930847168,772181,3426,-0.97943949699402,0.19612015783787,0.047277685254812

point8	=	861.36444091797,8.13294506073,453.6794128418,739465,3470,-0.8115656375885,-0.36571368575096,0.45564752817154

[exit_points_super]

[exit_points_near]