[super_point]

point1	=	398.91998291016,42.906589508057,-235.47050476074,1344206,4487,0.086802110075951,-0.32574248313904,-0.94146543741226

[extra_points]

point1	=	-196.48272705078,3.7141139507294,-437.09802246094,383164,4626,-0.60464572906494,-0.068943835794926,0.79350507259369

[exit_points_super]

point1	=	-187.16458129883,43.800643920898,376.73852539063,398064,4574,0.57323896884918,-0.26557353138924,-0.77515661716461

[exit_points_near]

point1	=	-6.08216381073,23.073833465576,252.9467010498,705083,4556,0.98949027061462,-0.062958359718323,0.13017392158508

point2	=	377.90371704102,-5.1950616836548,361.13714599609,1315193,4811,0.11931204050779,-0.082705222070217,0.9894061088562

point3	=	383.25341796875,6.5815925598145,358.06768798828,1322884,4496,0.17325767874718,-0.36571276187897,0.91445940732956

point4	=	173.51892089844,-7.9282402992249,208.20018005371,1011777,4653,-0.47136023640633,-0.0044144033454359,0.88192975521088

point5	=	224.23225402832,-9.7006511688232,161.28839111328,1099905,4653,-0.12640845775604,-0.16703243553638,0.97781443595886

point6	=	73.727645874023,-0.76451325416565,332.92581176758,840878,4473,-0.97450369596481,-0.13161733746529,-0.18171249330044

point7	=	62.57105255127,3.2384827136993,345.2253112793,819603,4656,0.9662544131279,-0.054573200643063,-0.25174224376678

point8	=	-379.44165039063,21.343704223633,446.20825195313,75921,4822,-0.4566595852375,-0.027594910934567,-0.88921344280243

point9	=	-338.64349365234,1.4944393634796,264.44424438477,143250,4526,-0.60271197557449,0.029997149482369,-0.79739475250244

point10	=	-364.93334960938,4.7692723274231,-1.2168565988541,99158,4587,0.99375480413437,-0.041986398398876,-0.10338509082794