[super_point]

point1	=	305.720703125,-39.364864349365,-26.245691299438,68826,2553,-0.73494225740433,-0.14814636111259,0.66174960136414

[extra_points]

point1	=	530.5810546875,-49.456039428711,-242.48712158203,180793,2685,0.052702248096466,-0.03189280256629,-0.99810087680817

[exit_points_super]

point1	=	660.04711914063,-43.879131317139,169.08709716797,227223,2538,0.10476515442133,-0.08379415422678,0.9909605383873

[exit_points_near]

point1	=	410.00549316406,-53.004692077637,-267.9084777832,129744,2736,0.62951064109802,-0.042685281485319,0.7758184671402

point2	=	289.68267822266,-48.584831237793,-251.38691711426,61221,2701,0.34652242064476,0.081614710390568,0.93448448181152

point3	=	420.26696777344,-38.49142074585,-319.4365234375,134239,2690,-0.91930288076401,-0.29197803139687,0.26387691497803

point4	=	471.15417480469,-48.961044311523,-268.15054321289,158361,2686,0.69793057441711,-0.020892776548862,0.71586060523987

point5	=	499.46148681641,-50.169860839844,-154.7532043457,166387,2671,-0.45686188340187,-0.1463665664196,0.87741327285767

point6	=	359.15518188477,-46.72151184082,-95.461936950684,96809,2718,-0.22670091688633,-0.12318052351475,0.96614348888397