[super_point]

point1	=	29.459426879883,-0.0012338757514954,25.367895126343,81443,2812,-0.79711079597473,-0.19906261563301,-0.57007741928101

[extra_points]

;point1	=	260.08776855469,1.5448951721191,68.42896270752,155041,2842,-0.97726023197174,-0.17548774182796,-0.11902286112309

point1	=	-160.86399841309,0.55020302534103,-312.32696533203,4577,2847,0.98111492395401,-0.056848999112844,0.18488292396069

[exit_points_super]

point1	=	197.68153381348,1.6273472309113,-313.43643188477,129380,2756,0.9932182431221,-0.11575642228127,-0.010855913162231

point2	=	-15.647472381592,0.23508042097092,-382.16778564453,54090,2796,-0.004649814683944,-0.059365067631006,0.99822551012039

point3	=	-82.765426635742,-2.8260023593903,-173.76280212402,13234,2792,-0.76051479578018,0.14172123372555,-0.63366574048996

[exit_points_near]

point1	=	260.25872802734,1.5664150714874,67.949066162109,155040,2842,-0.97781229019165,-0.12539714574814,-0.16780519485474

point2	=	218.15107727051,1.0626699924469,98.571357727051,137334,2775,0.23484469950199,-0.10394006967545,-0.96645975112915

point3	=	247.18011474609,1.8492946624756,41.390384674072,149878,2829,-0.70344579219818,-0.20702019333839,0.67993140220642

point4	=	270.7587890625,2.4378547668457,-117.16955566406,157683,2844,-0.97868996858597,-0.17699074745178,0.10411663353443

point5	=	171.30822753906,-3.3687870502472,-100.59582519531,113916,2773,0.99430173635483,-0.089607700705528,-0.057744860649109

point6	=	181.05787658691,1.7427124977112,-213.05522155762,119488,2831,-0.10377668589354,-0.16919869184494,0.98010313510895