[super_point]

point1	=	111.77058410645,28.905851364136,236.41377258301,354368,4920,-0.88798016309738,-0.13270378112793,-0.44031918048859

[extra_points]

point1	=	51.377098083496,17.253629684448,125.22930145264,266313,4903,0.63720935583115,-0.48450562357903,0.59934842586517

[exit_points_super]

point1	=	48.58385848999,16.525733947754,-138.15090942383,262488,4911,-0.18446968495846,-0.10627540946007,-0.97707545757294

point2	=	-100.2873840332,4.3193759918213,-90.682388305664,91551,4948,-0.044953797012568,-0.22320614755154,0.97373414039612

point3	=	37.943626403809,1.2045252323151,358.40924072266,248945,4949,-0.76173067092896,0.026996783912182,0.64733105897903

[exit_points_near]

point1	=	-17.175760269165,-0.2525269985199,-348.94915771484,173328,4994,-0.20818728208542,0.088682778179646,0.97406029701233

point2	=	189.21813964844,-0.29375505447388,-193.16473388672,419042,4922,-0.9428009390831,-0.10838657617569,-0.31524395942688

point3	=	-39.622089385986,-0.31003224849701,-352.34417724609,148564,4890,-0.23712337017059,-0.10090413689613,0.96622502803802

point4	=	-198.94435119629,-7.8926472663879,-208.88525390625,24402,4968,0.69554877281189,-0.036094900220633,0.71757161617279

point5	=	169.78504943848,12.248435020447,22.6181640625,398912,4880,0.66204071044922,-0.23966147005558,-0.71011573076248